A = [0.625 0.4376;
     0.546 0.3823];
b = [1.0626; 0.9283];
temp1 = A\b